.Random.seed <-
c(403L, 10L, 1948631886L, -1163433543L, 2146341835L, -1338046342L, 
1584560508L, 921086399L, 1957185173L, -650683220L, 1975502466L, 
-1883566499L, 1627238743L, -361046978L, -1780912008L, -1941144741L, 
-1550711111L, -135234808L, -495300170L, -590459151L, -94525149L, 
287759218L, -918498876L, -1996961401L, -1887480995L, 555982164L, 
1747816314L, 231374533L, -1499631585L, -864495706L, 1502775600L, 
-504929325L, 133569009L, -1388593376L, -1188562498L, -1135760951L, 
595611003L, 17455946L, 1732561836L, -2017217873L, 757133413L, 
466141212L, 928026226L, 298381549L, -1996340953L, 1238486350L, 
-1856815704L, 1487767979L, -620608823L, -1015766312L, 52006790L, 
345801313L, -575505421L, -1536242078L, 10426580L, 794075607L, 
559489997L, -1702566044L, 1183011658L, 419066549L, 871735823L, 
-736926954L, 329780672L, 551267715L, -841718879L, 1928715152L, 
-1744271250L, -592064999L, -308547925L, -632491366L, -418460068L, 
-417289377L, -1228290763L, -562309940L, -1217962462L, 75387005L, 
2123319671L, 1277978270L, 1583777112L, 1977730235L, -1983931815L, 
705503720L, -1595034602L, 1387896721L, -1340383165L, -1047722158L, 
-477254684L, -1228369369L, 171592317L, 321033076L, 310505306L, 
1095838117L, -765704769L, -1062390202L, -129428272L, 1028574963L, 
-2103805935L, -1498251712L, -81063394L, 1064213737L, -1290181093L, 
1049564714L, 2038196556L, 926372623L, -872323515L, 1287208956L, 
845858386L, -98075699L, -142920313L, 735260782L, -546953144L, 
-1511396789L, 227018665L, -1386133768L, 1651896870L, 1297623873L, 
779587795L, -551267198L, -1711680844L, 2059347511L, -438186707L, 
-552524220L, 1407621994L, 878094293L, -1517780625L, 1468058742L, 
-2047326304L, 499834979L, 837788929L, 238463088L, 980816910L, 
1626981497L, -1423379445L, 1862122810L, -1068893124L, 842488703L, 
1483589845L, -418018068L, 1158366786L, 972052893L, -562832361L, 
274850174L, 920975160L, -310550501L, 735801721L, -157378616L, 
596130806L, -116060623L, 1487194211L, 2118731826L, -946125436L, 
55299015L, 360750749L, 1688450580L, 130690234L, 2134309125L, 
-305333537L, 1270155110L, 1231011568L, 1202382355L, -920752207L, 
472455776L, -849950722L, 1334339465L, 1005105339L, 927272074L, 
-748261524L, 784702703L, 567015205L, 1692860892L, -1524572238L, 
-840636755L, 1044733543L, 1872027022L, 515644008L, 1666635371L, 
-737447927L, -1130656104L, -690579002L, -852825823L, -2112804429L, 
1621079330L, -1039651052L, 143832983L, 1169086349L, -1403057500L, 
-579124086L, 150264565L, 1864699215L, -653677994L, -782755584L, 
1200577603L, 994742241L, -702701744L, 2123215278L, -57819303L, 
-627198613L, -511763238L, 606328220L, -596960865L, -290079755L, 
-244721012L, 1491767138L, -1376227523L, -698677321L, -436042658L, 
976042392L, -1054876421L, -1838073703L, -971937496L, 271241174L, 
551689297L, -172886269L, -767164782L, -1248125916L, 1215283943L, 
1838446397L, 1619412916L, -2026828774L, 75691877L, 20335103L, 
-721255290L, -893294576L, -2119566669L, 1922529617L, 1357928704L, 
2007276510L, 307701801L, 1678630875L, 963362124L, 1106041084L, 
666448626L, 1000556288L, 1870915188L, -847652856L, 1567156666L, 
1734297552L, 695990764L, 1769922452L, 109499090L, 1259544160L, 
-561793716L, 1839416608L, -2117987710L, 832240104L, -1307269140L, 
1148266044L, -1273045390L, -666320016L, -924505820L, 698077752L, 
-1640762982L, -649963056L, 2023480764L, -1573349228L, -168395646L, 
495613376L, 746545980L, 1453118608L, 384471842L, 92925448L, -1958740724L, 
1064293788L, 1320361490L, -1195521152L, 1787265812L, 637636904L, 
975899706L, -838296624L, 1823945324L, -1845663180L, -232703342L, 
-188859040L, -1262487220L, -388495392L, -821074526L, 982511016L, 
68593292L, -656970308L, -1938108814L, 420977648L, 498603588L, 
-724572072L, 203495482L, 63363184L, 307144764L, -606103276L, 
1820562114L, 804761312L, 625793148L, -804868400L, -1071707742L, 
-508272600L, -445551860L, 1261728188L, -2069957838L, 980826816L, 
-1325398988L, 1253000904L, -1146936134L, 183142032L, -530985236L, 
-969635244L, 1612440210L, -527855328L, 1369774540L, -943549728L, 
-1159771966L, -1831857112L, -735049812L, -1059949892L, -128881678L, 
689040944L, -174434396L, 176430520L, 1143416666L, -211271536L, 
1324290940L, -1148567276L, -649320126L, 118003968L, -2103472708L, 
-1186387632L, -1498638046L, 1429086792L, -1391785972L, -713038244L, 
-1237214766L, -1433620992L, 859589972L, -176816920L, -1322764038L, 
-1491198256L, 547257132L, 2050418932L, -1264467566L, -636222112L, 
-1565694964L, 1712250080L, 1335824994L, 436941992L, 166945868L, 
-763146372L, 1613031730L, 700899952L, -551742652L, -951063592L, 
-1821770886L, 171276336L, 1696845756L, -612902316L, -372424638L, 
-782268768L, -1269337412L, -522607664L, 952456546L, -490430744L, 
46185676L, -1603696132L, -1433268750L, -1399726976L, -544560652L, 
-609144184L, 620673850L, 1291371856L, 742196332L, -1559904876L, 
-93222830L, -1056920096L, 738927820L, 1739706016L, 203456898L, 
794923240L, 826141420L, 1749908796L, 1591068786L, -1026616720L, 
-1201530332L, -563099592L, 92539162L, -1689439024L, 1329015100L, 
-1219136620L, -1292970110L, -1967866944L, 1208292924L, -2041196144L, 
-563218398L, -1191936760L, -88127348L, -415072484L, 408927378L, 
-552178304L, -782094316L, -2112051416L, 641652282L, -1896437296L, 
-1357921940L, 1069984692L, 1079218706L, -1685796896L, 1453402572L, 
-1795438368L, -1496312798L, 610491176L, -1094583796L, 984904508L, 
-616581134L, -1626864912L, -2050360764L, -221845928L, 1819297594L, 
1344116720L, -751220036L, -1037535980L, 1788132546L, 115166304L, 
-727913092L, -853934128L, 882268450L, 244829864L, 1122598796L, 
1826079932L, -1404796110L, 1383835200L, 910988468L, 804101192L, 
-1355817542L, 776313360L, 618781932L, 1328464212L, -1048618222L, 
41788832L, 1712476876L, 1518819936L, -990881854L, 414257960L, 
1870496172L, -1886739140L, -2136366222L, 1585124656L, -1355727068L, 
-261982920L, 1425430234L, -390457456L, -1863228676L, -466994284L, 
1228276802L, 1978133760L, -635736004L, 1923800400L, 732288162L, 
-408597688L, 863043340L, -950337828L, 681617234L, -1896712410L, 
696459812L, -219065131L, 1248593023L, -630314728L, -678479818L, 
-986517821L, 1567113989L, -565057886L, 1295819920L, -68037575L, 
1739132139L, 301460956L, 1870844938L, 1654702847L, 1059117897L, 
174911710L, 795831948L, 884427357L, -2121037721L, 1936709008L, 
624948654L, 439816283L, -312977347L, -313852246L, -2000778424L, 
482533233L, 499869923L, -357183516L, 863536914L, -1938531609L, 
2033597617L, 608136950L, 773675284L, -2116100571L, -1100844241L, 
-440797976L, 1058821574L, -941132685L, -162373931L, -200702798L, 
-1292957568L, 1280943209L, -2115014437L, 226489388L, -654693318L, 
1702296303L, 1513088377L, -730547698L, -111334436L, 853492813L, 
360814519L, -71382720L, -1093218274L, -478529813L, 1573656173L, 
-1568825638L, -1955889512L, -1918851839L, 404982451L, -1555552812L, 
-632933150L, 248888695L, -2060966719L, 2046154822L, 1540786052L, 
535707957L, 794951455L, 922514040L, 872630102L, 266061283L, 1651579813L, 
1906108994L, -676354000L, -447820711L, -157634101L, -834280900L, 
-1731752854L, 1541901983L, -108653783L, 1409753022L, -595038548L, 
1123849213L, 1372556103L, 371698736L, 1238351182L, -2036468357L, 
-1397296419L, -1857547510L, -858205656L, 1368484497L, 532634243L, 
940510084L, -874769998L, 836775687L, 853601617L, 70952150L, -179121740L, 
683517381L, -61881073L, -1144028280L, -591893850L, 682744403L, 
-1894018123L, -1684827886L, 620647136L, 1072527177L, -1059092101L, 
747783244L, 477672922L, -336357425L, 795027865L, -68154962L, 
-1116043588L, -584509651L, 1170650327L, 1363639584L, -970421634L, 
1258673227L, 328521293L, -1762038662L, -750990152L, 2079499873L, 
-253199341L, 1067326004L, -1789424574L, -350919593L, -853020767L, 
-1931255706L, -824911772L, 1875751829L, -2134936385L, 1856304216L, 
-1793085322L, -594165629L, 358371525L, -858984990L, -1937599408L, 
895901049L, -1270472021L, -82765284L, 1670628682L, -1059037889L, 
1677974409L, -824306786L, 1318597196L, -1164692451L, -1685533273L, 
